123.98 4.9897E-15 7.1673E-15 1.E-50 3.9551E-15 1.E-50 1.E-50 1.E-50 1.9972E-14 1.E-50 1.E-50 5.383E-14 1.E-50 9.8864E-14 1.2218E-13 1.E-50 1.7362E-13 1.5552E-13 1.E-50 
107.73 1.0688E-12 1.0776E-12 1.0897E-12 1.2005E-12 1.229E-12 2.1464E-12 4.8308E-12 6.3132E-12 8.0595E-12 1.416E-11 2.2332E-11 3.4333E-11 4.6438E-11 7.1611E-11 1.0161E-10 1.1794E-10 1.2832E-10 1.2352E-10 
93.616 3.4436E-12 3.5138E-12 3.6061E-12 3.9865E-12 4.0993E-12 7.6125E-12 1.5276E-11 2.0417E-11 2.6808E-11 4.4817E-11 6.8122E-11 9.8663E-11 1.3005E-10 1.9983E-10 2.6582E-10 2.9754E-10 3.1641E-10 3.2847E-10 
81.162 1.0344E-11 1.0553E-11 1.0825E-11 1.1809E-11 1.2072E-11 2.0985E-11 4.1255E-11 5.4384E-11 6.963E-11 1.1045E-10 1.5864E-10 2.2243E-10 2.8917E-10 4.257E-10 5.4231E-10 5.995E-10 6.5375E-10 5.8299E-10 
70.526 2.558E-11 2.6119E-11 2.684E-11 2.9031E-11 2.9625E-11 5.0532E-11 9.4614E-11 1.2195E-10 1.5258E-10 2.2999E-10 3.2105E-10 4.413E-10 5.6252E-10 7.9659E-10 9.979E-10 1.1212E-9 1.1302E-9 1.0033E-9 
61.285 5.5222E-11 5.6333E-11 5.7985E-11 6.2508E-11 6.38E-11 1.0673E-10 1.9138E-10 2.4235E-10 2.9885E-10 4.3995E-10 6.0338E-10 8.1452E-10 1.0215E-9 1.4268E-9 1.7895E-9 1.9484E-9 1.9649E-9 1.7532E-9 
53.254 1.7248E-10 1.76E-10 1.8088E-10 1.9701E-10 2.0056E-10 3.2994E-10 6.0907E-10 7.7518E-10 9.4555E-10 1.3961E-9 1.9703E-9 2.7819E-9 3.6941E-9 5.3264E-9 7.1357E-9 8.466E-9 9.7659E-9 1.0295E-8 
46.169 8.0586E-10 8.2441E-10 8.5359E-10 9.384E-10 9.587E-10 1.6497E-9 3.2086E-9 4.1218E-9 5.1326E-9 7.9531E-9 1.1837E-8 1.761E-8 2.3993E-8 3.6694E-8 5.1501E-8 6.3132E-8 7.817E-8 9.6975E-8 
40.119 2.3981E-9 2.4589E-9 2.5579E-9 2.7893E-9 2.8551E-9 5.1503E-9 9.6863E-9 1.2562E-8 1.6043E-8 2.5525E-8 3.7722E-8 5.5333E-8 7.4073E-8 1.1672E-7 1.6041E-7 1.9307E-7 2.4345E-7 3.1369E-7 
34.862 5.5145E-9 5.6613E-9 5.8987E-9 6.4393E-9 6.5944E-9 1.1658E-8 2.2077E-8 2.9016E-8 3.7281E-8 5.8631E-8 8.5106E-8 1.2318E-7 1.673E-7 2.6393E-7 3.5625E-7 4.3194E-7 5.6208E-7 5.7556E-7 
30.294 1.1789E-8 1.2091E-8 1.2582E-8 1.3689E-8 1.401E-8 2.4951E-8 4.7667E-8 6.26E-8 8.0276E-8 1.2439E-7 1.797E-7 2.6391E-7 3.6098E-7 5.7185E-7 7.7951E-7 9.5531E-7 1.2104E-6 1.3074E-6 
26.324 2.3176E-8 2.3777E-8 2.4766E-8 2.6937E-8 2.7586E-8 4.9329E-8 9.3156E-8 1.2177E-7 1.5541E-7 2.3974E-7 3.4751E-7 5.114E-7 7.0083E-7 1.1189E-6 1.5303E-6 1.9039E-6 2.3928E-6 2.4985E-6 
22.822 4.4566E-8 4.572E-8 4.7609E-8 5.1758E-8 5.2986E-8 9.3968E-8 1.7502E-7 2.285E-7 2.9222E-7 4.5097E-7 6.5342E-7 9.6759E-7 1.3369E-6 2.147E-6 2.9791E-6 3.688E-6 4.7075E-6 4.6985E-6 
19.831 8.3287E-8 8.5415E-8 8.8866E-8 9.6477E-8 9.8756E-8 1.738E-7 3.2259E-7 4.2153E-7 5.3877E-7 8.3012E-7 1.2103E-6 1.8115E-6 2.5172E-6 4.1041E-6 5.7292E-6 7.1929E-6 9.1058E-6 9.403E-6 
17.233 1.4952E-7 1.533E-7 1.5948E-7 1.7293E-7 1.77E-7 3.098E-7 5.7304E-7 7.4784E-7 9.5526E-7 1.4729E-6 2.1522E-6 3.2384E-6 4.5226E-6 7.3955E-6 0.000010383 0.00001302 0.000016582 0.000016571 
14.974 2.5593E-7 2.6232E-7 2.7287E-7 2.9556E-7 3.0252E-7 5.2601E-7 9.6851E-7 1.261E-6 1.6058E-6 2.469E-6 3.6174E-6 5.4441E-6 7.572E-6 0.000012343 0.000017225 0.000021488 0.000027151 0.000025896 
12.982 5.628E-7 5.7745E-7 5.9673E-7 6.5051E-7 6.6402E-7 1.1638E-6 2.1835E-6 2.8459E-6 3.6413E-6 5.6779E-6 8.4457E-6 0.000013199 0.000019312 0.0000335 0.000048686 0.000063812 0.000082937 0.000081465 
11.281 1.585E-6 1.6257E-6 1.6847E-6 1.8376E-6 1.8786E-6 3.3843E-6 6.3327E-6 8.319E-6 0.000010692 0.00001684 0.000025871 0.000042035 0.000062576 0.00011148 0.0001643 0.00020937 0.00026633 0.0003018 
9.8028 3.5571E-6 3.6507E-6 3.7995E-6 4.135E-6 4.2325E-6 7.4988E-6 0.000013924 0.00001825 0.000023523 0.000037809 0.000058495 0.000093636 0.00013687 0.00023566 0.00033191 0.00040863 0.00050121 0.00047633 
8.5183 6.7474E-6 6.9214E-6 7.201E-6 7.8123E-6 7.9938E-6 0.00001395 0.000025846 0.000034095 0.000044242 0.000071291 0.00010866 0.00016882 0.00023963 0.00039119 0.0005281 0.00062808 0.00072383 0.00055993 
7.402 0.000011662 0.000011955 0.000012435 0.000013454 0.000013764 0.000023821 0.000044556 0.000058907 0.00007624 0.00012108 0.00017992 0.00027036 0.00037186 0.00057591 0.00074888 0.00088345 0.00087887 0.00064972 
6.4173 0.000018789 0.000019254 0.000020025 0.000021635 0.000022136 0.000038411 0.000071827 0.000094357 0.00012094 0.0001874 0.00027088 0.00039189 0.00052133 0.00077087 0.00098006 0.0010767 0.00099242 0.00070809 
5.5764 0.00002887 0.000029591 0.000030791 0.000033278 0.000034059 0.000059012 0.00010839 0.00014064 0.00017811 0.0002684 0.00037529 0.00052462 0.0006807 0.00097612 0.0011655 0.0012235 0.0010943 0.00076422 
4.8456 0.0000434 0.000044472 0.000046261 0.000049927 0.000051083 0.000087033 0.0001559 0.00019967 0.00024877 0.00036198 0.00049263 0.00067004 0.0008525 0.0011625 0.0013365 0.0013839 0.0012075 0.00084613 
4.2107 0.000064189 0.000065718 0.000068261 0.000073461 0.000075079 0.00012527 0.00021745 0.00027315 0.00033445 0.00047406 0.00063044 0.00084127 0.0010412 0.001358 0.0015361 0.0015679 0.0013499 0.00091719 
3.6505 0.000094626 0.000096802 0.00010041 0.00010778 0.00011005 0.00017885 0.00029811 0.00036902 0.00044615 0.00061797 0.00080901 0.0010472 0.0012679 0.0016155 0.001798 0.0018078 0.0015133 0.0010248 
3.1721 0.00014144 0.00014453 0.00014953 0.00015998 0.00016306 0.0002573 0.00041895 0.00051378 0.00061623 0.00084353 0.0010869 0.0013919 0.0016855 0.0021546 0.0023992 0.0024063 0.0020028 0.0013508 
2.7565 0.00022135 0.00022601 0.0002334 0.00024918 0.0002537 0.00039365 0.00063377 0.00077707 0.00092766 0.0012605 0.0016201 0.00208 0.0025256 0.0032364 0.0035771 0.0035231 0.0028772 0.0020612 
2.3953 0.00034251 0.00034944 0.0003605 0.00038374 0.00039049 0.0005993 0.00095727 0.0011665 0.0013882 0.0018715 0.0023871 0.0030371 0.0036462 0.0045464 0.0048588 0.0046906 0.0037138 0.0023957 
2.1397 0.00047675 0.00048625 0.00050136 0.00053349 0.00054273 0.00082954 0.0013082 0.0015865 0.0018809 0.0025112 0.0031742 0.0039853 0.0047194 0.0056909 0.0059487 0.0056241 0.0042902 0.0025924 
2.0766 0.00052174 0.00053214 0.00054866 0.00058383 0.00059392 0.00090497 0.0014227 0.0017233 0.0020402 0.0027165 0.0034237 0.0042818 0.0050486 0.0060342 0.0062699 0.0058987 0.004443 0.0026638 
1.8045 0.0007855 0.00080064 0.0008249 0.00087604 0.00089077 0.0013382 0.0020755 0.0024955 0.0029319 0.0038493 0.0047801 0.0058575 0.0067518 0.0078005 0.0079102 0.0073394 0.0051985 0.0031248 
1.6533 0.00099576 0.0010147 0.001045 0.0011083 0.0011266 0.0016812 0.0025815 0.003088 0.0036104 0.0046957 0.0057687 0.0069676 0.0079362 0.0090202 0.0090662 0.0082299 0.0057397 0.0034262 
1.568 0.0011436 0.001165 0.0011993 0.0012712 0.0012921 0.0019202 0.0029282 0.0034924 0.0040725 0.0052629 0.0064174 0.0076885 0.008703 0.0098057 0.0097912 0.0088 0.0061054 0.0036208 
1.3625 0.00164 0.0016701 0.0017181 0.0018191 0.001848 0.0027037 0.0040541 0.0047989 0.0055528 0.0070505 0.0084596 0.0099703 0.011154 0.012421 0.012088 0.0107 0.0073312 0.0042986 
1.2398 0.0020716 0.0021086 0.0021677 0.0022909 0.0023264 0.0033716 0.0049999 0.0058847 0.0067695 0.0085116 0.010132 0.011847 0.013206 0.014533 0.013976 0.012317 0.008312 0.004868 
1.184 0.0023089 0.0023496 0.0024146 0.00255 0.0025891 0.0037373 0.0055124 0.0064686 0.0074195 0.0092889 0.011018 0.01284 0.014292 0.015625 0.014949 0.013138 0.0087893 0.0051245 
1.0265 0.0031482 0.0032019 0.0032878 0.0034655 0.0035173 0.0050111 0.0072569 0.0084402 0.0096117 0.011893 0.013978 0.016178 0.017818 0.019035 0.018004 0.015564 0.010219 0.005711 
0.96906 0.0035326 0.003592 0.003687 0.0038837 0.0039412 0.0055827 0.0080278 0.0093118 0.010579 0.013038 0.015291 0.017631 0.019334 0.020524 0.019277 0.016585 0.01081 0.0059675 
0.89197 0.004144 0.0042125 0.004322 0.0045489 0.0046152 0.0064775 0.0092437 0.010687 0.012106 0.014865 0.017389 0.019967 0.021788 0.023009 0.021415 0.018346 0.01172 0.0063971 
0.77509 0.0053654 0.0054506 0.0055864 0.0058668 0.0059481 0.0082693 0.01167 0.013443 0.015192 0.01856 0.021596 0.024681 0.026854 0.028009 0.026 0.022007 0.013663 0.0074038 
0.75223 0.0056558 0.0057451 0.0058874 0.0061812 0.0062668 0.0086984 0.012251 0.014108 0.015938 0.01944 0.022593 0.025809 0.028047 0.029206 0.027083 0.022827 0.014119 0.0076635 
0.67352 0.0067883 0.006894 0.0070624 0.0074084 0.0075104 0.010328 0.01448 0.016645 0.01874 0.022722 0.026311 0.029936 0.032307 0.033606 0.030677 0.025455 0.015515 0.0084278 
0.58526 0.0083234 0.0084467 0.008647 0.0090557 0.0091764 0.012521 0.017407 0.019895 0.022299 0.026895 0.030948 0.034878 0.037563 0.038485 0.034471 0.028261 0.016959 0.0087793 
0.58392 0.0083484 0.0084722 0.0086734 0.0090832 0.009204 0.012557 0.017454 0.019946 0.022355 0.02696 0.031018 0.034953 0.037642 0.038552 0.034519 0.028295 0.016974 0.0087806 
0.5074 0.0098285 0.0099709 0.010203 0.010668 0.010808 0.014604 0.019985 0.022701 0.025331 0.030184 0.034373 0.038432 0.040847 0.040841 0.035929 0.029045 0.01688 0.0085038 
0.45957 0.010791 0.010942 0.011188 0.011678 0.011826 0.015816 0.021429 0.024207 0.026843 0.03171 0.035896 0.039694 0.041806 0.04125 0.035862 0.028823 0.016485 0.0081484 
0.44091 0.011185 0.01134 0.011592 0.012095 0.012247 0.016315 0.02201 0.024803 0.027457 0.03237 0.036557 0.040301 0.04239 0.041709 0.036181 0.029051 0.016545 0.0080819 
0.38757 0.012362 0.012526 0.012794 0.013325 0.013486 0.017771 0.023591 0.026439 0.02916 0.03412 0.038161 0.041753 0.043687 0.042634 0.036964 0.029511 0.016925 0.0088379 
0.38313 0.012459 0.012625 0.012894 0.013426 0.013588 0.017885 0.023707 0.026555 0.029278 0.03422 0.038234 0.041793 0.043691 0.042597 0.036895 0.029474 0.016941 0.0089053 
0.38137 0.012498 0.012664 0.012933 0.013466 0.013628 0.017929 0.023751 0.026601 0.029324 0.034255 0.038259 0.041802 0.043684 0.042576 0.036859 0.029455 0.016934 0.0089229 
0.37528 0.012633 0.012798 0.013069 0.013605 0.013767 0.018083 0.023909 0.026762 0.029482 0.034377 0.038348 0.041838 0.043664 0.042518 0.036758 0.029443 0.016968 0.0089669 
0.37013 0.012747 0.012913 0.013185 0.013723 0.013886 0.018209 0.024044 0.026901 0.029617 0.034482 0.038429 0.041877 0.043659 0.042488 0.036706 0.029463 0.017032 0.0090761 
0.35428 0.013101 0.01327 0.013545 0.014091 0.014256 0.018602 0.024459 0.027323 0.030017 0.034804 0.038677 0.042024 0.043718 0.04251 0.036751 0.029692 0.017404 0.0094989 
0.34463 0.013319 0.01349 0.013768 0.014319 0.014486 0.018838 0.024714 0.027577 0.030253 0.034998 0.038833 0.042141 0.043823 0.042591 0.036934 0.02995 0.017816 0.0098254 
0.33293 0.013587 0.013759 0.014038 0.014592 0.014759 0.019119 0.025014 0.027863 0.030513 0.035218 0.039013 0.042287 0.04396 0.042754 0.037285 0.030384 0.018404 0.010275 
0.26468 0.015123 0.015301 0.015587 0.016158 0.01633 0.020864 0.0269 0.029804 0.032522 0.03752 0.041799 0.045972 0.048781 0.050273 0.04692 0.04125 0.028993 0.019275 
0.23078 0.016072 0.016257 0.016554 0.017151 0.017329 0.022083 0.028645 0.031898 0.034987 0.041039 0.046726 0.052959 0.058291 0.064327 0.064718 0.061015 0.048104 0.035108 
0.20636 0.017069 0.017267 0.017583 0.018234 0.018422 0.02366 0.031278 0.035237 0.039102 0.047102 0.055198 0.065043 0.074221 0.087297 0.092692 0.091179 0.075423 0.057283 
0.18796 0.018956 0.019195 0.019576 0.020378 0.020614 0.027153 0.037862 0.04368 0.049537 0.062671 0.077442 0.097099 0.11706 0.15124 0.17223 0.17723 0.15306 0.11413 
0.16309 0.023419 0.02376 0.024246 0.025397 0.02569 0.035886 0.053672 0.064246 0.075049 0.10069 0.13129 0.17252 0.2174 0.29454 0.3419 0.35548 0.30284 0.20998 
0.14642 0.030002 0.030513 0.031325 0.033024 0.03352 0.048841 0.077819 0.094639 0.11282 0.15748 0.20993 0.28479 0.36174 0.49805 0.58172 0.59414 0.5073 0.36624 
0.13054 0.036222 0.03686 0.037918 0.040056 0.040727 0.061512 0.09787 0.11955 0.14417 0.20127 0.26789 0.35587 0.44322 0.57669 0.63691 0.6166 0.48264 0.29574 
0.11894 0.041543 0.04232 0.043612 0.046238 0.047066 0.071399 0.11317 0.13888 0.16688 0.2316 0.30233 0.3929 0.47389 0.58747 0.61071 0.57919 0.46514 0.18571 
0.11126 0.047038 0.047947 0.049411 0.052428 0.053338 0.080411 0.12883 0.15803 0.18972 0.26103 0.33819 0.43233 0.51563 0.62382 0.64416 0.61686 0.47374 0.20832 
0.10736 0.051955 0.052944 0.05453 0.057854 0.058849 0.088936 0.14416 0.17759 0.21341 0.29328 0.38108 0.48759 0.5864 0.72122 0.76703 0.74698 0.55484 0.3233 
0.084471 0.084613 0.086291 0.089054 0.094685 0.096454 0.14983 0.24253 0.29549 0.35203 0.47665 0.6124 0.78371 0.94493 1.2121 1.3176 1.2488 0.96109 0.65636 
0.061994 0.15898 0.16206 0.16705 0.17731 0.18048 0.2749 0.43715 0.53052 0.62955 0.85483 1.1104 1.4488 1.7793 2.2695 2.4682 2.471 1.7765 1.2572 
0.056409 0.19195 0.19572 0.20175 0.21425 0.21806 0.33184 0.53072 0.64571 0.76775 1.0541 1.3904 1.8239 2.2688 2.9348 3.2537 3.1772 2.406 1.5972 
0.048012 0.27297 0.27834 0.28676 0.30467 0.3101 0.47734 0.78197 0.96248 1.1567 1.6291 2.1955 2.9635 3.782 5.1844 5.8643 5.7133 4.3108 2.6685 
0.041338 0.39659 0.4048 0.41743 0.4448 0.45305 0.71366 1.2129 1.5134 1.8394 2.6722 3.6879 5.167 6.8034 9.6382 10.944 10.935 8.2211 4.9889 
0.037441 0.52408 0.53532 0.55244 0.59006 0.60128 0.96604 1.6797 2.1157 2.5995 3.8265 5.3927 7.6987 10.245 14.641 16.81 16.696 12.541 7.5522 
0.029198 1.1661 1.1936 1.2359 1.327 1.3546 2.2688 4.11 5.2691 6.5863 10.033 14.431 20.895 28.007 39.981 45.395 44.817 33.144 19.17 
0.022717 2.7189 2.7847 2.8866 3.1099 3.1784 5.4388 10.024 12.936 16.268 24.932 35.761 51.236 67.896 95.17 106.7 103.61 75.293 42.961 
0.017675 6.1833 6.3356 6.5777 7.093 7.2529 12.43 22.79 29.334 36.76 55.408 78.113 109.79 142.37 193.32 212.24 202.52 143.71 80.691 
0.013783 13.276 13.595 14.113 15.201 15.54 26.196 46.811 59.669 74.031 108.53 148.53 201.58 252.9 328.05 351.99 331.96 234.65 135.82 
0.010699 26.879 27.496 28.512 30.601 31.252 51.296 87.868 109.82 133.61 187.57 246.84 321.77 390.36 482.12 505.64 475.51 347.12 212.96 
0.0083821 48.008 49.035 50.733 54.17 55.248 87.185 141.46 172.65 205.81 277.4 350.86 438.21 514.78 613.06 636.84 600.06 448.25 279.39 
0.0064916 77.234 78.713 81.175 86.078 87.616 131.46 201.64 239.65 278.41 357.92 436.04 525.4 601.02 693.02 707.97 663.54 496.62 306.8 
0.0050623 107.37 109.17 112.22 118.2 120.08 171.01 246.1 285.05 323.78 400.51 472.75 551.99 615.66 683.91 684.81 634.87 460.82 273.74 
0.0039478 131.3 133.21 136.37 142.53 144.46 195.03 265.12 299.87 333.77 398.57 455.99 514.55 558.85 599.26 581.41 524.16 363.52 207.4 
0.0030786 142.83 144.57 147.47 153.03 154.78 198.87 256.73 283.88 309.27 355.21 394.3 431.66 455.81 464.47 435.17 381.13 252.63 137.43 
0.0023953 140.22 141.64 143.99 148.45 149.84 183.7 224.33 242.55 259.25 287.67 308.96 325.52 332.83 323.64 291.83 248.13 156.63 82.8 
0.0018636 124.98 125.96 127.58 130.64 131.6 154.15 179.38 189.63 198.22 211.04 219.04 223.22 221.56 205.74 178.78 148.32 90.876 46.162 
0.0017035 117.28 118.13 119.52 122.13 122.95 141.88 161.89 169.62 175.79 184.77 189.83 190.85 187.7 171.44 147.61 121.85 73.311 37.186 
0.0015644 109.38 110.1 111.29 113.5 114.19 129.73 145.21 150.8 155.31 161.38 163.87 163.11 158.96 142.99 122.49 100.04 59.424 29.886 
0.0014499 101.96 102.57 103.57 105.43 106. 118.65 130.55 134.76 137.94 141.8 142.69 140.72 136.08 121.16 103.06 83.732 49.319 24.628 
0.0013501 94.73 95.237 96.069 97.617 98.093 108.26 117.37 120.42 122.68 124.73 124.53 121.8 116.74 103.38 87.161 70.34 41.159 20.379 
0.0012628 87.851 88.263 88.938 90.189 90.574 98.648 105.63 107.84 109.15 110.09 109.11 105.77 100.94 88.77 74.402 59.636 34.788 17.195 
0.001184 81.127 81.468 82.026 83.05 83.354 89.733 94.971 96.313 97.048 97.092 95.596 91.963 87.494 76.306 63.629 50.892 29.51 14.514 
0.0011178 75.175 75.449 75.894 76.711 76.96 82.054 85.88 86.722 87.077 86.492 84.544 81.02 76.868 66.682 55.192 44.153 25.485 12.63 
0.0010577 69.547 69.772 70.137 70.811 71.016 75.058 77.706 78.176 78.163 77.144 74.971 71.642 67.736 58.389 48.231 38.415 22.188 10.944 
0.0010031 64.338 64.525 64.823 65.353 65.513 68.67 70.399 70.53 70.29 68.861 66.73 63.584 59.851 51.373 42.39 33.742 19.418 9.6244 
0.00095357 59.505 59.652 59.889 60.322 60.453 62.815 63.86 63.756 63.325 61.675 59.629 56.626 53.146 45.376 37.429 29.768 17.196 8.4848 
0.00082671 46.988 47.053 47.156 47.338 47.391 48.147 47.838 47.226 46.519 44.918 43.067 40.525 37.771 32.147 26.465 21.072 12.192 6.0147 
0.00061994 27.132 27.121 27.101 27.055 27.039 26.4 25.368 24.781 24.155 22.953 21.747 20.365 19.025 16.343 13.629 10.953 6.3925 3.1628 
0.00041338 11.085 11.063 11.025 10.954 10.932 10.415 9.8065 9.5559 9.3225 8.9602 8.6763 8.3905 8.1155 7.4297 6.517 5.4127 3.2866 1.6859 
0.00030999 5.6439 5.6326 5.6139 5.5801 5.5696 5.3431 5.1767 5.1313 5.1102 5.1478 5.2344 5.3797 5.5347 5.5853 5.221 4.556 2.9627 1.5903 
0.00024794 3.4161 3.4124 3.4064 3.3966 3.3935 3.3651 3.4473 3.5262 3.6239 3.8936 4.2357 4.6852 5.1124 5.6256 5.583 5.0407 3.4018 1.8838 
0.00016533 1.7059 1.7132 1.7249 1.7505 1.7584 2.0151 2.5123 2.8102 3.1371 3.9089 4.7803 5.9274 7.0276 8.5671 8.9458 8.3296 5.8374 3.3133 
0.00012398 1.4704 1.4862 1.5118 1.5642 1.5807 2.0769 2.9666 3.4916 4.0645 5.394 6.8815 8.8129 10.678 13.348 14.093 13.218 9.391 5.3788 
