  1.  0.  0.
  0.989702389  0.01  0.00672326169
  0.979552512  0.02  0.0134160086
  0.969547759  0.03  0.0200780576
  0.959685586  0.04  0.0267092347
  0.949963507  0.05  0.0333093753
  0.940379092  0.06  0.039878324
  0.930929966  0.07  0.0464159344
  0.921613811  0.08  0.0529220695
  0.912428356  0.09  0.0593966011
  0.903371381  0.1  0.0658394102
  0.894440715  0.11  0.0722503864
  0.885634232  0.12  0.0786294286
  0.876949851  0.13  0.0849764439
  0.868385533  0.14  0.0912913485
  0.859939285  0.15  0.0975740668
  0.851609149  0.16  0.103824532
  0.843393211  0.17  0.110042684
  0.835289594  0.18  0.116228474
  0.827296456  0.19  0.122381859
  0.819411993  0.2  0.128502803
  0.811634437  0.21  0.134591281
  0.803962051  0.22  0.140647272
  0.796393134  0.23  0.146670765
  0.788926015  0.24  0.152661755
  0.781559057  0.25  0.158620245
  0.77429065  0.26  0.164546245
  0.767119217  0.27  0.17043977
  0.760043209  0.28  0.176300845
  0.753061104  0.29  0.182129499
  0.74617141  0.3  0.187925768
  0.73937266  0.31  0.193689694
  0.732663415  0.32  0.199421326
  0.726042261  0.33  0.205120718
  0.719507809  0.34  0.210787929
  0.713058694  0.35  0.216423026
  0.706693577  0.36  0.222026079
  0.700411141  0.37  0.227597163
  0.694210092  0.38  0.233136362
  0.68808916  0.39  0.238643759
  0.682047096  0.4  0.244119447
  0.676082673  0.41  0.249563519
  0.670194685  0.42  0.254976077
  0.664381947  0.43  0.260357224
  0.658643294  0.44  0.265707068
  0.652977582  0.45  0.271025721
  0.647383685  0.46  0.276313299
  0.641860497  0.47  0.281569921
  0.636406931  0.48  0.286795711
  0.631021919  0.49  0.291990794
  0.62570441  0.5  0.297155301
  0.620453372  0.51  0.302289363
  0.615267789  0.52  0.307393116
  0.610146664  0.53  0.312466699
  0.605089015  0.54  0.317510252
  0.600093877  0.55  0.322523919
  0.595160302  0.56  0.327507846
  0.590287358  0.57  0.332462181
  0.585474127  0.58  0.337387074
  0.580719709  0.59  0.342282679
  0.576023216  0.6  0.347149148
  0.571383778  0.61  0.351986639
  0.566800536  0.62  0.356795308
  0.56227265  0.63  0.361575316
  0.557799289  0.64  0.366326824
  0.55337964  0.65  0.371049993
  0.5490129  0.66  0.375744987
  0.544698282  0.67  0.380411972
  0.540435012  0.68  0.385051112
  0.536222327  0.69  0.389662576
  0.532059478  0.7  0.394246529
  0.527945728  0.71  0.398803142
  0.523880352  0.72  0.403332584
  0.519862639  0.73  0.407835025
  0.515891887  0.74  0.412310634
  0.511967406  0.75  0.416759585
  0.50808852  0.76  0.421182047
  0.504254561  0.77  0.425578193
  0.500464875  0.78  0.429948196
  0.496718815  0.79  0.434292228
  0.493015748  0.8  0.438610461
  0.48935505  0.81  0.442903069
  0.485736107  0.82  0.447170223
  0.482158317  0.83  0.451412098
  0.478621086  0.84  0.455628866
  0.475123829  0.85  0.459820699
  0.471665974  0.86  0.46398777
  0.468246955  0.87  0.468130251
  0.464866216  0.88  0.472248315
  0.461523211  0.89  0.476342133
  0.458217403  0.9  0.480411877
  0.454948263  0.91  0.484457717
  0.451715271  0.92  0.488479824
  0.448517916  0.93  0.492478369
  0.445355693  0.94  0.496453521
  0.442228109  0.95  0.500405448
  0.439134675  0.96  0.50433432
  0.436074913  0.97  0.508240305
  0.433048351  0.98  0.512123569
  0.430054527  0.99  0.51598428
  0.427092982  1.  0.519822603
  0.424163269  1.01  0.523638704
  0.421264947  1.02  0.527432746
  0.418397579  1.03  0.531204895
  0.41556074  1.04  0.534955312
  0.412754008  1.05  0.538684161
  0.409976969  1.06  0.542391601
  0.407229217  1.07  0.546077794
  0.40451035  1.08  0.5497429
  0.401819975  1.09  0.553387077
  0.399157703  1.1  0.557010483
  0.396523152  1.11  0.560613275
  0.393915947  1.12  0.564195609
  0.391335718  1.13  0.56775764
  0.388782102  1.14  0.571299522
  0.386254739  1.15  0.574821409
  0.383753279  1.16  0.578323453
  0.381277373  1.17  0.581805805
  0.37882668  1.18  0.585268615
  0.376400865  1.19  0.588712033
  0.373999597  1.2  0.592136206
  0.371622551  1.21  0.595541283
  0.369269405  1.22  0.59892741
  0.366939845  1.23  0.602294731
  0.36463356  1.24  0.605643392
  0.362350245  1.25  0.608973535
  0.360089599  1.26  0.612285302
  0.357851326  1.27  0.615578835
  0.355635134  1.28  0.618854274
  0.353440737  1.29  0.622111757
  0.351267851  1.3  0.625351424
  0.349116199  1.31  0.628573411
  0.346985506  1.32  0.631777854
  0.344875504  1.33  0.634964888
  0.342785926  1.34  0.638134646
  0.340716512  1.35  0.641287263
  0.338667003  1.36  0.644422869
  0.336637147  1.37  0.647541595
  0.334626693  1.38  0.650643572
  0.332635396  1.39  0.653728927
  0.330663014  1.4  0.656797789
  0.328709309  1.41  0.659850285
  0.326774045  1.42  0.662886539
  0.324856992  1.43  0.665906677
  0.322957921  1.44  0.668910822
  0.321076609  1.45  0.671899097
  0.319212835  1.46  0.674871623
  0.317366381  1.47  0.677828522
  0.315537032  1.48  0.680769912
  0.313724578  1.49  0.683695912
  0.31192881  1.5  0.68660664
  0.310149524  1.51  0.689502212
  0.308386518  1.52  0.692382745
  0.306639593  1.53  0.695248351
  0.304908553  1.54  0.698099147
  0.303193206  1.55  0.700935243
  0.30149336  1.56  0.703756752
  0.299808828  1.57  0.706563784
  0.298139427  1.58  0.70935645
  0.296484974  1.59  0.712134858
  0.29484529  1.6  0.714899116
  0.293220198  1.61  0.717649331
  0.291609524  1.62  0.72038561
  0.290013097  1.63  0.723108057
  0.288430748  1.64  0.725816776
  0.286862309  1.65  0.728511872
  0.285307618  1.66  0.731193446
  0.283766512  1.67  0.7338616
  0.282238831  1.68  0.736516434
  0.280724419  1.69  0.739158049
  0.27922312  1.7  0.741786543
  0.277734782  1.71  0.744402014
  0.276259254  1.72  0.74700456
  0.274796388  1.73  0.749594276
  0.273346037  1.74  0.752171259
  0.271908058  1.75  0.754735602
  0.270482307  1.76  0.757287399
  0.269068646  1.77  0.759826744
  0.267666935  1.78  0.762353729
  0.266277038  1.79  0.764868444
  0.264898822  1.8  0.767370981
  0.263532153  1.81  0.769861428
  0.262176901  1.82  0.772339875
  0.260832937  1.83  0.77480641
  0.259500133  1.84  0.777261121
  0.258178366  1.85  0.779704093
  0.256867511  1.86  0.782135412
  0.255567446  1.87  0.784555164
  0.254278051  1.88  0.786963433
  0.252999208  1.89  0.789360301
  0.2517308  1.9  0.791745853
  0.250472712  1.91  0.794120169
  0.249224829  1.92  0.796483332
  0.24798704  1.93  0.798835421
  0.246759233  1.94  0.801176517
  0.245541301  1.95  0.803506698
  0.244333135  1.96  0.805826044
  0.243134628  1.97  0.808134631
  0.241945677  1.98  0.810432537
  0.240766178  1.99  0.812719838
  0.239596028  2.  0.81499661
  0.238435127  2.01  0.817262928
  0.237283377  2.02  0.819518865
  0.236140678  2.03  0.821764497
  0.235006934  2.04  0.823999895
  0.23388205  2.05  0.826225132
  0.232765932  2.06  0.82844028
  0.231658486  2.07  0.830645409
  0.230559622  2.08  0.832840591
  0.229469248  2.09  0.835025895
  0.228387276  2.1  0.837201391
  0.227313617  2.11  0.839367146
  0.226248184  2.12  0.841523229
  0.225190891  2.13  0.843669707
  0.224141655  2.14  0.845806647
  0.22310039  2.15  0.847934116
  0.222067015  2.16  0.850052178
  0.221041448  2.17  0.852160899
  0.220023609  2.18  0.854260343
  0.219013417  2.19  0.856350574
  0.218010796  2.2  0.858431656
  0.217015667  2.21  0.860503652
  0.216027954  2.22  0.862566622
  0.215047582  2.23  0.86462063
  0.214074476  2.24  0.866665736
  0.213108562  2.25  0.868702001
  0.212149769  2.26  0.870729485
  0.211198024  2.27  0.872748248
  0.210253256  2.28  0.874758348
  0.209315396  2.29  0.876759844
  0.208384375  2.3  0.878752795
  0.207460124  2.31  0.880737256
  0.206542576  2.32  0.882713287
  0.205631665  2.33  0.884680942
  0.204727325  2.34  0.886640279
  0.203829491  2.35  0.888591352
  0.202938099  2.36  0.890534217
  0.202053087  2.37  0.892468928
  0.20117439  2.38  0.894395539
  0.200301948  2.39  0.896314105
  0.1994357  2.4  0.898224678
  0.198575585  2.41  0.90012731
  0.197721545  2.42  0.902022055
  0.196873519  2.43  0.903908963
  0.196031451  2.44  0.905788087
  0.195195283  2.45  0.907659478
  0.194364958  2.46  0.909523185
  0.19354042  2.47  0.911379259
  0.192721614  2.48  0.913227749
  0.191908486  2.49  0.915068706
  0.19110098  2.5  0.916902176
  0.190299045  2.51  0.91872821
  0.189502627  2.52  0.920546855
  0.188711675  2.53  0.922358158
  0.187926136  2.54  0.924162167
  0.187145959  2.55  0.925958928
  0.186371096  2.56  0.927748488
  0.185601495  2.57  0.929530893
  0.184837109  2.58  0.931306189
  0.184077888  2.59  0.93307442
  0.183323784  2.6  0.934835631
  0.18257475  2.61  0.936589868
  0.18183074  2.62  0.938337174
  0.181091706  2.63  0.940077592
  0.180357604  2.64  0.941811167
  0.179628387  2.65  0.94353794
  0.178904012  2.66  0.945257956
  0.178184434  2.67  0.946971256
  0.17746961  2.68  0.948677882
  0.176759496  2.69  0.950377875
  0.176054049  2.7  0.952071278
  0.175353228  2.71  0.95375813
  0.17465699  2.72  0.955438473
  0.173965295  2.73  0.957112347
  0.173278101  2.74  0.958779791
  0.172595369  2.75  0.960440845
  0.171917058  2.76  0.962095549
  0.171243129  2.77  0.963743941
  0.170573543  2.78  0.96538606
  0.169908262  2.79  0.967021945
  0.169247248  2.8  0.968651633
  0.168590462  2.81  0.970275162
  0.167937867  2.82  0.97189257
  0.167289428  2.83  0.973503893
  0.166645106  2.84  0.975109168
  0.166004867  2.85  0.976708433
  0.165368674  2.86  0.978301722
  0.164736493  2.87  0.979889072
  0.164108288  2.88  0.981470519
  0.163484025  2.89  0.983046098
  0.16286367  2.9  0.984615844
  0.162247189  2.91  0.986179791
  0.161634549  2.92  0.987737975
  0.161025717  2.93  0.989290429
  0.16042066  2.94  0.990837188
  0.159819346  2.95  0.992378284
  0.159221744  2.96  0.993913753
  0.15862782  2.97  0.995443626
  0.158037545  2.98  0.996967936
  0.157450886  2.99  0.998486717
  0.156867815  3.  1.
  0.1562883  3.01  1.00150782
  0.155712311  3.02  1.0030102
  0.155139819  3.03  1.00450719
  0.154570795  3.04  1.0059988
  0.15400521  3.05  1.00748507
  0.153443034  3.06  1.00896603
  0.15288424  3.07  1.01044172
  0.152328799  3.08  1.01191216
  0.151776683  3.09  1.01337738
  0.151227866  3.1  1.01483742
